134556
1234556
1234556
1234556
1234556
1234556
1234556
1234556
1234556
1234556
1234556
1234556
1234556
1234556
1234556
1234556
1234556
1234556
1234556
1234556
1234556
1234556
1234556
1234556
1234556
1234556
1234556
1234556
1234556
1234556
1234556
1234556
1234556
1234556
1234556
1234556
1234556
1234556
1234556
1234556
1234556
1234556
1234556
1234556
1234556
1234556
1234556
1234556
1234556
1234556
1234556
1234556
1234556
1234556
1234556
1234556
1234556
1234556
1234556
1234556
1234556
1234556
1234556
1234556
1234556
1234556
1234556
1234556
1234556
1234556
1234556
1234556
1234556
1234556
1234556
1234556
1234556
1234556
1234556
1234556
1234556
1234556
1234556
1234556
1234556
1234556
1234556
1234556
1234556
1234556
1234556
1234556
1234556
1234556
1234556
1234556
1234556
1234556
1234556
1234556
1234556
1234556
1234556
1234556
1234556
1234556
1234556
1234556
1234556
1234556
1234556
1234556
1234556
1234556
1234556
1234556
1234556
1234556
1234556
1234556
1234556
1234556
1234556

